,testsize,neighbours,accuracy
0,0.1,5,
1,0.1,6,
2,0.1,7,
3,0.1,8,
4,0.1,9,
5,0.1,10,
6,0.1,11,
7,0.1,12,
8,0.1,13,
9,0.1,14,
10,0.1,15,
11,0.1,16,
12,0.1,17,
13,0.1,18,
14,0.1,19,
15,0.1,20,
16,0.1,21,
17,0.1,22,
18,0.1,23,
19,0.1,24,
20,0.1,25,
21,0.1,26,
22,0.1,27,
23,0.1,28,
24,0.1,29,
25,0.1,30,
26,0.1,31,
27,0.1,32,
28,0.1,33,
29,0.1,34,
30,0.1,35,
31,0.1,36,
32,0.1,37,
33,0.1,38,
34,0.1,39,
35,0.1,40,
36,0.1,41,
37,0.1,42,
38,0.1,43,
39,0.1,44,
40,0.1,45,
41,0.1,46,
42,0.1,47,
43,0.1,48,
44,0.1,49,
45,0.1,50,
46,0.2,5,
47,0.2,6,
48,0.2,7,
49,0.2,8,
50,0.2,9,
51,0.2,10,
52,0.2,11,
53,0.2,12,
54,0.2,13,
55,0.2,14,
56,0.2,15,
57,0.2,16,
58,0.2,17,
59,0.2,18,
60,0.2,19,
61,0.2,20,
62,0.2,21,
63,0.2,22,
64,0.2,23,
65,0.2,24,
66,0.2,25,
67,0.2,26,
68,0.2,27,
69,0.2,28,
70,0.2,29,
71,0.2,30,
72,0.2,31,
73,0.2,32,
74,0.2,33,
75,0.2,34,
76,0.2,35,
77,0.2,36,
78,0.2,37,
79,0.2,38,
80,0.2,39,
81,0.2,40,
82,0.2,41,
83,0.2,42,
84,0.2,43,
85,0.2,44,
86,0.2,45,
87,0.2,46,
88,0.2,47,
89,0.2,48,
90,0.2,49,
91,0.2,50,
92,0.30000000000000004,5,
93,0.30000000000000004,6,
94,0.30000000000000004,7,
95,0.30000000000000004,8,
96,0.30000000000000004,9,
97,0.30000000000000004,10,
98,0.30000000000000004,11,
99,0.30000000000000004,12,
100,0.30000000000000004,13,
101,0.30000000000000004,14,
102,0.30000000000000004,15,
103,0.30000000000000004,16,
104,0.30000000000000004,17,
105,0.30000000000000004,18,
106,0.30000000000000004,19,
107,0.30000000000000004,20,
108,0.30000000000000004,21,
109,0.30000000000000004,22,
110,0.30000000000000004,23,
111,0.30000000000000004,24,
112,0.30000000000000004,25,
113,0.30000000000000004,26,
114,0.30000000000000004,27,
115,0.30000000000000004,28,
116,0.30000000000000004,29,
117,0.30000000000000004,30,
118,0.30000000000000004,31,
119,0.30000000000000004,32,
120,0.30000000000000004,33,
121,0.30000000000000004,34,
122,0.30000000000000004,35,
123,0.30000000000000004,36,
124,0.30000000000000004,37,
125,0.30000000000000004,38,
126,0.30000000000000004,39,
127,0.30000000000000004,40,
128,0.30000000000000004,41,
129,0.30000000000000004,42,
130,0.30000000000000004,43,
131,0.30000000000000004,44,
132,0.30000000000000004,45,
133,0.30000000000000004,46,
134,0.30000000000000004,47,
135,0.30000000000000004,48,
136,0.30000000000000004,49,
137,0.30000000000000004,50,
138,0.4,5,
139,0.4,6,
140,0.4,7,
141,0.4,8,
142,0.4,9,
143,0.4,10,
144,0.4,11,
145,0.4,12,
146,0.4,13,
147,0.4,14,
148,0.4,15,
149,0.4,16,
150,0.4,17,
151,0.4,18,
152,0.4,19,
153,0.4,20,
154,0.4,21,
155,0.4,22,
156,0.4,23,
157,0.4,24,
158,0.4,25,
159,0.4,26,
160,0.4,27,
161,0.4,28,
162,0.4,29,
163,0.4,30,
164,0.4,31,
165,0.4,32,
166,0.4,33,
167,0.4,34,
168,0.4,35,
169,0.4,36,
170,0.4,37,
171,0.4,38,
172,0.4,39,
173,0.4,40,
174,0.4,41,
175,0.4,42,
176,0.4,43,
177,0.4,44,
178,0.4,45,
179,0.4,46,
180,0.4,47,
181,0.4,48,
182,0.4,49,
183,0.4,50,
184,0.5,5,
185,0.5,6,
186,0.5,7,
187,0.5,8,
188,0.5,9,
189,0.5,10,
190,0.5,11,
191,0.5,12,
192,0.5,13,
193,0.5,14,
194,0.5,15,
195,0.5,16,
196,0.5,17,
197,0.5,18,
198,0.5,19,
199,0.5,20,
200,0.5,21,
201,0.5,22,
202,0.5,23,
203,0.5,24,
204,0.5,25,
205,0.5,26,
206,0.5,27,
207,0.5,28,
208,0.5,29,
209,0.5,30,
210,0.5,31,
211,0.5,32,
212,0.5,33,
213,0.5,34,
214,0.5,35,
215,0.5,36,
216,0.5,37,
217,0.5,38,
218,0.5,39,
219,0.5,40,
220,0.5,41,
221,0.5,42,
222,0.5,43,
223,0.5,44,
224,0.5,45,
225,0.5,46,
226,0.5,47,
227,0.5,48,
228,0.5,49,
229,0.5,50,
